[
              -68.7480640411377,
              44.882937996670336
            ],
            [
              -68.85655403137207,
              44.862500415234365
            ],
            [
              -68.90873908996582,
              44.838160498004086
            ],
            [
              -68.96916389465332,
              44.791399023314206
            ],
            [
              -68.99662971496582,
              44.65381790690301
            ],
            [
              -68.97740364074707,
              44.602018414758334
            ],
            [
              -68.94719123840332,
              44.52374295530481
            ],
            [
              -68.88676643371582,
              44.477707010990926
            ],
            [
              -68.8469409942627,
              44.47672712788803
            ],
            [
              -68.8249683380127,
              44.491423646640996
            ],
            [
              -68.80574226379395,
              44.50121926890739
            ],
            [
              -68.8029956817627,
              44.52080557683016
            ],
            [
              -68.77690315246582,
              44.50513705706512
            ],
            [
              -68.7700366973877,
              44.49436250610134
            ],
            [
              -68.77964973449707,
              44.47280743092606
            ],
            [
              -68.77827644348145,
              44.440459885248416
            ],
            [
              -68.79063606262207,
              44.44928372028332
            ],
            [
              -68.80711555480957,
              44.43261535740943
            ],
            [
              -68.8194751739502,
              44.412018461421034
            ],
            [
              -68.80986213684082,
              44.400245548600026
            ],
            [
              -68.82084846496582,
              44.38454464576327
            ],
            [
              -68.79612922668457,
              44.38061876189097
            ],
            [
              -68.73433113098145,
              44.32661116240426
            ],
            [
              -68.66978645324707,
              44.29713149370448
            ],
            [
              -68.59150886535645,
              44.260752842344914
            ],
            [
              -68.52421760559082,
              44.2273039533653
            ],
            [
              -68.5393238067627,
              44.254851479211695
            ],
            [
              -68.52009773254395,
              44.2637033018051
            ],
            [
              -68.52971076965332,
              44.299097265635766
            ],
            [
              -68.55168342590332,
              44.29713149370448
            ],
            [
              -68.55992317199707,
              44.32759356300372
            ],
            [
              -68.54893684387207,
              44.35607602315166
            ],
            [
              -68.56266975402832,
              44.38454464576327
            ],
            [
              -68.55854988098145,
              44.4061323011877
            ],
            [
              -68.53245735168457,
              44.39533946895236
            ],
            [
              -68.51460456848145,
              44.41398038319725
            ],
            [
              -68.49400520324707,
              44.42280821669736
            ],
            [
              -68.48027229309082,
              44.44242085266148
            ],
            [
              -68.47477912902832,
              44.41103747585132
            ],
            [
              -68.47752571105957,
              44.3894516303879
            ],
            [
              -68.46516609191895,
              44.38061876189097
            ],
            [
              -68.4569263458252,
              44.403188998938056
            ],
            [
              -68.45417976379395,
              44.43359598098052
            ],
            [
              -68.46516609191895,
              44.451244391510954
            ],
            [
              -68.46653938293457,
              44.4855454834293
            ],
            [
              -68.43770027160645,
              44.48358596405056
            ],
            [
              -68.43083381652832,
              44.49730121746424
            ],
            [
              -68.42259407043457,
              44.46496724716061
            ],
            [
              -68.42671394348145,
              44.44242085266148
            ],
            [
              -68.43083381652832,
              44.41594223915616
            ],
            [
              -68.43358039855957,
              44.40122671516693
            ],
            [
              -68.41572761535645,
              44.39632071779022
            ],
            [
              -68.39289665222168,
              44.417904029297226
            ],
            [
              -68.3937120437622,
              44.435158815787055
            ],
            [
              -68.38611602783203,
              44.434270150140755
            ],
            [
              -68.37869167327881,
              44.43154278153777
            ],
            [
              -68.37635278701782,
              44.42527548043478
            ],
            [
              -68.37367057800293,
              44.42391160217158
            ],
            [
              -68.36766242980957,
              44.42476977647603
            ],
            [
              -68.36577415466309,
              44.42207261481158
            ],
            [
              -68.36749076843262,
              44.42041747672778
            ],
            [
              -68.36723327636719,
              44.4193753287102
            ],
            [
              -68.36437940597534,
              44.41471608689482
            ],
            [
              -68.36221218109131,
              44.4122637052424
            ],
            [
              -68.36382150650024,
              44.409198083558486
            ],
            [
              -68.36234092712402,
              44.40662283716521
            ],
            [
              -68.35595726966858,
              44.403380624685056
            ],
            [
              -68.34888696670532,
              44.40332696953918
            ],
            [
              -68.35443377494812,
              44.39983927950136
            ],
            [
              -68.35414409637451,
              44.39684199954281
            ],
            [
              -68.35676193237305,
              44.39098497872391
            ],
            [
              -68.36322069168091,
              44.38866960726872
            ],
            [
              -68.37088108062744,
              44.392978271504624
            ],
            [
              -68.37710380554199,
              44.38981963765214
            ],
            [
              -68.37620258331299,
              44.38429928573407
            ],
            [
              -68.37839126586914,
              44.38123219859981
            ],
            [
              -68.38397026062012,
              44.38012800789623
            ],
            [
              -68.39718818664551,
              44.375711036836066
            ],
            [
              -68.39787483215332,
              44.370802900433155
            ],
            [
              -68.39881896972656,
              44.36190585475246
            ],
            [
              -68.40113639831543,
              44.358408025398894
            ],
            [
              -68.40361475944519,
              44.357449154131054
            ],
            [
              -68.40283155441284,
              44.35231700838305
            ],
            [
              -68.40522408485413,
              44.35467217441736
            ],
            [
              -68.40967655181885,
              44.35579985884484
            ],
            [
              -68.41066360473633,
              44.353437066573605
            ],
            [
              -68.41435432434082,
              44.34723811978356
            ],
            [
              -68.41754078865051,
              44.34466014692223
            ],
            [
              -68.41592073440552,
              44.34060881764774
            ],
            [
              -68.42030882835388,
              44.33704832746846
            ],
            [
              -68.41989040374756,
              44.33446990650702
            ],
            [
              -68.41724038124084,
              44.33219834648986
            ],
            [
              -68.41557204723358,
              44.33867512997906
            ],
            [
              -68.40978384017944,
              44.34097713187792
            ],
            [
              -68.40654373168945,
              44.33545217547977
            ],
            [
              -68.40864658355713,
              44.33078625132137
            ],
            [
              -68.40780973434448,
              44.326488361172466
            ],
            [
              -68.40868949890137,
              44.32243577629981
            ],
            [
              -68.41873168945312,
              44.31838291146514
            ],
            [
              -68.41985821723938,
              44.316279609906275
            ],
            [
              -68.42235803604126,
              44.31565014003763
            ],
            [
              -68.42152118682861,
              44.3102149242344
            ],
            [
              -68.42514753341675,
              44.31178105498895
            ],
            [
              -68.42799067497253,
              44.31268693507272
            ],
            [
              -68.43049049377441,
              44.31211884241772
            ],
            [
              -68.4302544593811,
              44.3091861685463
            ],
            [
              -68.42727184295654,
              44.30674472093663
            ],
            [
              -68.4308123588562,
              44.303811778538666
            ],
            [
              -68.42988967895508,
              44.29817581823729
            ],
            [
              -68.4266710281372,
              44.293414776314194
            ],
            [
              -68.42626333236694,
              44.289313827568165
            ],
            [
              -68.42310905456543,
              44.28373792109702
            ],
            [
              -68.41851711273193,
              44.283922257043066
            ],
            [
              -68.41461181640625,
              44.28558125452814
            ],
            [
              -68.41001987457275,
              44.28281623269099
            ],
            [
              -68.40542793273926,
              44.28152584462908
            ],
            [
              -68.41169357299805,
              44.27823829934536
            ],
            [
              -68.41280937194824,
              44.27347564115199
            ],
            [
              -68.41667175292969,
              44.274243837937135
            ],
            [
              -68.41916084289551,
              44.27304544656601
            ],
            [
              -68.4133243560791,
              44.269603776510294
            ],
            [
              -68.40954780578613,
              44.26394916674301
            ],
            [
              -68.40371131896973,
              44.259892263777346
            ],
            [
              -68.40551376342773,
              44.25694161305862
            ],
            [
              -68.40353965759277,
              44.252269446595975
            ],
            [
              -68.40075016021729,
              44.25036358790025
            ],
            [
              -68.39722037315369,
              44.25548160091458
            ],
            [
              -68.39575052261353,
              44.26109092333602
            ],
            [
              -68.39109420776367,
              44.259277557088254
            ],
            [
              -68.38806867599487,
              44.25506664347912
            ],
            [
              -68.39362621307373,
              44.250855428314885
            ],
            [
              -68.38997840881348,
              44.24685910589244
            ],
            [
              -68.3884334564209,
              44.24387705766181
            ],
            [
              -68.38336944580078,
              44.24742782988473
            ],
            [
              -68.37761878967285,
              44.25442114831519
            ],
            [
              -68.37864875793457,
              44.24842692628572
            ],
            [
              -68.36800575256348,
              44.24210927729355
            ],
            [
              -68.36285591125488,
              44.236282912073115
            ],
            [
              -68.36596727371216,
              44.234883883605306
            ],
            [
              -68.36804866790771,
              44.2327468418505
            ],
            [
              -68.36465835571289,
              44.22552029849441
            ],
            [
              -68.36102664470673,
              44.22624683685145
            ],
            [
              -68.35773825645447,
              44.23509143388585
            ],
            [
              -68.35150480270386,
              44.23728219775731
            ],
            [
              -68.34933757781982,
              44.2524846203106
            ],
            [
              -68.34593653678894,
              44.244099947936995
            ],
            [
              -68.34440767765045,
              44.24027610981116
            ],
            [
              -68.34638983011246,
              44.237749165826365
            ],
            [
              -68.34734201431274,
              44.233992177775704
            ],
            [
              -68.34239602088928,
              44.22855709234973
            ],
            [
              -68.33813667297363,
              44.22041505654004
            ],
            [
              -68.32818031311035,
              44.22410563723524
            ],
            [
              -68.31753730773926,
              44.22484372561194
            ],
            [
              -68.31479072570801,
              44.22881079208691
            ],
            [
              -68.31049919128418,
              44.228211136400404
            ],
            [
              -68.30826759338379,
              44.23179360395404
            ],
            [
              -68.30655097961426,
              44.23652889166223
            ],
            [
              -68.30105781555176,
              44.235913940761456
            ],
            [
              -68.29831123352051,
              44.24224762723834
            ],
            [
              -68.29041481018066,
              44.24612129360034
            ],
            [
              -68.29058647155762,
              44.24999470489005
            ],
            [
              -68.2935905456543,
              44.258570636450834
            ],
            [
              -68.29629421234131,
              44.261997585486846
            ],
            [
              -68.29850435256958,
              44.266415442508155
            ],
            [
              -68.30201268196106,
              44.26862424651673
            ],
            [
              -68.30514013767242,
              44.26825355737922
            ],
            [
              -68.31168204545975,
              44.2690515924919
            ],
            [
              -68.31804290413857,
              44.270556881937004
            ],
            [
              -68.32482822239399,
              44.27020325041711
            ],
            [
              -68.32255605608225,
              44.27420554836641
            ],
            [
              -68.322793263942,
              44.277312743913065
            ],
            [
              -68.31881852354854,
              44.27759790451687
            ],
            [
              -68.31415713764727,
              44.27567076682229
            ],
            [
              -68.31172734964639,
              44.273743565925116
            ],
            [
              -68.30965414876118,
              44.275975612229935
            ],
            [
              -68.31308074411936,
              44.281270215684685
            ],
            [
              -68.31548068730626,
              44.28397878369208
            ],
            [
              -68.31831227100338,
              44.28625344019989
            ],
            [
              -68.31942724093096,
              44.285824568757086
            ],
            [
              -68.32264547723753,
              44.28610167743272
            ],
            [
              -68.3246837488332,
              44.285687243527775
            ],
            [
              -68.3258637135441,
              44.283675246012386
            ],
            [
              -68.32667869057332,
              44.28985080667155
            ],
            [
              -68.32159301502543,
              44.286917327703435
            ],
            [
              -68.31870685449758,
              44.28839975302217
            ],
            [
              -68.3182079118069,
              44.29273506765169
            ],
            [
              -68.31692847219983,
              44.294472567257486
            ],
            [
              -68.31324577331543,
              44.292769702232405
            ],
            [
              -68.31392101943493,
              44.29565328200816
            ],
            [
              -68.31665620207787,
              44.29841386020053
            ],
            [
              -68.31114023923874,
              44.296133224950175
            ],
            [
              -68.3088630437851,
              44.29759222740557
            ],
            [
              -68.3102135360241,
              44.29985744885338
            ],
            [
              -68.30967575311661,
              44.30113975581508
            ],
            [
              -68.31083178520203,
              44.30247578237852
            ],
            [
              -68.3122855424881,
              44.30674472093663
            ],
            [
              -68.3164456486702,
              44.30685220818847
            ],
            [
              -68.31871747970581,
              44.30990783487207
            ],
            [
              -68.31605136394501,
              44.3119960108504
            ],
            [
              -68.31510186195374,
              44.31801445532513
            ],
            [
              -68.31165790557861,
              44.32133047729147
            ],
            [
              -68.31265300512314,
              44.325360112824136
            ],
            [
              -68.31443801522255,
              44.32786602275557
            ],
            [
              -68.31605136394501,
              44.32914388047882
            ],
            [
              -68.31773310899734,
              44.33501476085986
            ],
            [
              -68.32061648368835,
              44.33990287557254
            ],
            [
              -68.32285612821579,
              44.342949108293254
            ],
            [
              -68.32389414310455,
              44.34599518273639
            ],
            [
              -68.3273434638977,
              44.34594914752476
            ],
            [
              -68.32559198141098,
              44.34855008029654
            ],
            [
              -68.32487046718597,
              44.353605840609376
            ],
            [
              -68.32725629210472,
              44.357667778161
            ],
            [
              -68.3317107707262,
              44.35540287037337
            ],
            [
              -68.33668023347855,
              44.35461080321351
            ],
            [
              -68.33288624882698,
              44.35738395031485
            ],
            [
              -68.32960724830627,
              44.36199790007326
            ],
            [
              -68.32897156476974,
              44.365978721822344
            ],
            [
              -68.32679092884064,
              44.36725958381963
            ],
            [
              -68.3238123357296,
              44.36320598150558
            ],
            [
              -68.32464046776295,
              44.36130180374522
            ],
            [
              -68.32358032464981,
              44.357679284666254
            ],
            [
              -68.32077339291573,
              44.35681629049835
            ],
            [
              -68.31971324980259,
              44.36000547008378
            ],
            [
              -68.31676483154297,
              44.36037174477989
            ],
            [
              -68.31316865980625,
              44.35946564220823
            ],
            [
              -68.31205395050347,
              44.35978194071649
            ],
            [
              -68.3119692094624,
              44.36243007968567
            ],
            [
              -68.30973979085684,
              44.36379898696603
            ],
            [
              -68.31017112359405,
              44.361424771776605
            ],
            [
              -68.30802753567696,
              44.36040050971143
            ],
            [
              -68.30623380839825,
              44.35924894258567
            ],
            [
              -68.3071393892169,
              44.35701621861184
            ],
            [
              -68.30735832452774,
              44.35429243906281
            ],
            [
              -68.30548748373985,
              44.352234537498845
            ],
            [
              -68.30583952367306,
              44.349302909874844
            ],
            [
              -68.30481391400099,
              44.34703911736021
            ],
            [
              -68.30481827259064,
              44.34514352546971
            ],
            [
              -68.30617882311344,
              44.34471289675901
            ],
            [
              -68.30788269639015,
              44.34808782855404
            ],
            [
              -68.30905884504318,
              44.34550797491365
            ],
            [
              -68.3090078830719,
              44.34182117659515
            ],
            [
              -68.3050274848938,
              44.33824541294759
            ],
            [
              -68.30616474151611,
              44.32814615611046
            ],
            [
              -68.30507308244705,
              44.323376031633444
            ],
            [
              -68.306415528059,
              44.31847310610522
            ],
            [
              -68.30569803714752,
              44.31393825490226
            ],
            [
              -68.30428786575794,
              44.31302183847014
            ],
            [
              -68.30562427639961,
              44.31014007135034
            ],
            [
              -68.30366224050522,
              44.310518173402784
            ],
            [
              -68.30341681838036,
              44.305491328274364
            ],
            [
              -68.30162644386292,
              44.30144689104963
            ],
            [
              -68.30467879772186,
              44.299703877279434
            ],
            [
              -68.30395460128784,
              44.294029125995024
            ],
            [
              -68.30242171883583,
              44.293447413802646
            ],
            [
              -68.30071717500687,
              44.29483161058499
            ],
            [
              -68.29662144184113,
              44.28813878385913
            ],
            [
              -68.29357981681824,
              44.286917635096636
            ],
            [
              -68.28981533646584,
              44.28653554088262
            ],
            [
              -68.28502088785172,
              44.28676786982149
            ],
            [
              -68.28298509120941,
              44.28477480326928
            ],
            [
              -68.28000515699387,
              44.28665266550385
            ],
            [
              -68.27981807291508,
              44.28884246890383
            ],
            [
              -68.28134760260582,
              44.28992630018154
            ],
            [
              -68.28078584745526,
              44.29253187737359
            ],
            [
              -68.28228402882814,
              44.29452300088309
            ],
            [
              -68.28631035983562,
              44.296047795393406
            ],
            [
              -68.28373158350587,
              44.29760878495565
            ],
            [
              -68.28183945268393,
              44.30174970562204
            ],
            [
              -68.2791748456657,
              44.298580632976844
            ],
            [
              -68.27839851379395,
              44.294182712411036
            ],
            [
              -68.27796936035156,
              44.291080188913874
            ],
            [
              -68.27277660369873,
              44.29069620183586
            ],
            [
              -68.2679271697998,
              44.288469027276506
            ],
            [
              -68.25985908508301,
              44.287808538585104
            ],
            [
              -68.25848579406738,
              44.28993590001501
            ],
            [
              -68.25651168823242,
              44.29050804725126
            ],
            [
              -68.25470924377441,
              44.29292329194222
            ],
            [
              -68.25063228607178,
              44.291947990462035
            ],
            [
              -68.24878692626953,
              44.28826934543217
            ],
            [
              -68.24538588523865,
              44.28936182721997
            ],
            [
              -68.24318647384644,
              44.28775093747505
            ],
            [
              -68.24307382106781,
              44.28952598573252
            ],
            [
              -68.24519276618958,
              44.292038225727694
            ],
            [
              -68.24353516101837,
              44.295164696063935
            ],
            [
              -68.24153423309326,
              44.29595660640364
            ],
            [
              -68.23953866958618,
              44.296052594810064
            ],
            [
              -68.23582649230957,
              44.29025077368027
            ],
            [
              -68.23479652404785,
              44.28799286175779
            ],
            [
              -68.23299407958984,
              44.28766261566329
            ],
            [
              -68.22522640228271,
              44.29069236195247
            ],
            [
              -68.2215142250061,
              44.29484888884082
            ],
            [
              -68.21972787380219,
              44.295765109064185
            ],
            [
              -68.21794152259827,
              44.299015679730886
            ],
            [
              -68.21471214294434,
              44.29617929926628
            ],
            [
              -68.20690155029297,
              44.29846761147804
            ],
            [
              -68.2025671005249,
              44.30176170299773
            ],
            [
              -68.2010006904602,
              44.30660268390915
            ],
            [
              -68.19983929395676,
              44.30772985342936
            ],
            [
              -68.19953620433807,
              44.31094521467002
            ],
            [
              -68.19944500923157,
              44.31676130332439
            ],
            [
              -68.19566309452057,
              44.312137075206685
            ],
            [
              -68.19420263171196,
              44.31002899141406
            ],
            [
              -68.19325715303421,
              44.30693810187782
            ],
            [
              -68.1910228729248,
              44.30616121527796
            ],
            [
              -68.18844902096316,
              44.30722275878355
            ],
            [
              -68.18827842827886,
              44.31110952276806
            ],
            [
              -68.18973861867562,
              44.31275442269932
            ],
            [
              -68.19016884081066,
              44.314767755368955
            ],
            [
              -68.18931480869651,
              44.31778500864969
            ],
            [
              -68.1865767762065,
              44.321854105697895
            ],
            [
              -68.18539224565029,
              44.32618471483548
            ],
            [
              -68.18250820040703,
              44.32845986550554
            ],
            [
              -68.18016495555639,
              44.328062452020596
            ],
            [
              -68.17782171070576,
              44.324840593214205
            ],
            [
              -68.17496348172426,
              44.32573260027581
            ],
            [
              -68.17365020513535,
              44.328098188165285
            ],
            [
              -68.17407064139843,
              44.3297285966321
            ],
            [
              -68.176379352808,
              44.331358959778164
            ],
            [
              -68.17516900599003,
              44.3333576396967
            ],
            [
              -68.17447364330292,
              44.33572459872576
            ],
            [
              -68.17484244704247,
              44.33877008934462
            ],
            [
              -68.17778617143631,
              44.342306496805385
            ],
            [
              -68.17582480609417,
              44.34278557872463
            ],
            [
              -68.17437842488289,
              44.34215975020909
            ],
            [
              -68.17379035055637,
              44.34349819984202
            ],
            [
              -68.17406058311462,
              44.34471385584661
            ],
            [
              -68.17676827311516,
              44.34671543727671
            ],
            [
              -68.17896097898483,
              44.34748938934835
            ],
            [
              -68.18072453141212,
              44.35243687864719
            ],
            [
              -68.18334639072418,
              44.357015739168816
            ],
            [
              -68.18198919296265,
              44.36133823874451
            ],
            [
              -68.18307816982269,
              44.36305257572054
            ],
            [
              -68.1850254535675,
              44.36513502496734
            ],
            [
              -68.18422615528107,
              44.36654245794866
            ],
            [
              -68.1842851638794,
              44.36893156512163
            ],
            [
              -68.1873019784689,
              44.37241294871586
            ],
            [
              -68.18997547030449,
              44.37380822418395
            ],
            [
              -68.194120824337,
              44.37623058501079
            ],
            [
              -68.19262683391571,
              44.379234671706094
            ],
            [
              -68.19662600755692,
              44.3788646808375
            ],
            [
              -68.19787859916687,
              44.380825797498815
            ],
            [
              -68.1951829791069,
              44.381529329695205
            ],
            [
              -68.19520846009254,
              44.383414639278364
            ],
            [
              -68.19712221622467,
              44.38652665704165
            ],
            [
              -68.20168733596802,
              44.39038697765125
            ],
            [
              -68.20736825466156,
              44.39194713429213
            ],
            [
              -68.21425080299377,
              44.38933662764337
            ],
            [
              -68.21503937244415,
              44.39138747600553
            ],
            [
              -68.21771621704102,
              44.39368357422736
            ],
            [
              -68.22102069854736,
              44.396090739070246
            ],
            [
              -68.22604179382324,
              44.39837515425334
            ],
            [
              -68.23685646057129,
              44.40688343273011
            ],
            [
              -68.24329376220703,
              44.409726914767525
            ],
            [
              -68.24556827545166,
              44.411393851418296
            ],
            [
              -68.25007438659668,
              44.41416430998939
            ],
            [
              -68.2485294342041,
              44.41778141934165
            ],
            [
              -68.24389457702637,
              44.41919141830822
            ],
            [
              -68.24266344308853,
              44.42072973437366
            ],
            [
              -68.24314892292023,
              44.42337140563513
            ],
            [
              -68.24463486671448,
              44.42565092448355
            ],
            [
              -68.24554681777954,
              44.42971935737999
            ],
            [
              -68.2490873336792,
              44.433197604639254
            ],
            [
              -68.26148986816406,
              44.436966749007496
            ],
            [
              -68.26964378356934,
              44.44068968952177
            ],
            [
              -68.27234745025635,
              44.43850651243072
            ],
            [
              -68.2764458656311,
              44.43790516686795
            ],
            [
              -68.28020095825195,
              44.435587821951906
            ],
            [
              -68.28972816467285,
              44.43243148865798
            ],
            [
              -68.29530715942383,
              44.43388710043559
            ],
            [
              -68.29934120178223,
              44.43803922533196
            ],
            [
              -68.30148696899414,
              44.43710463992339
            ],
            [
              -68.30534934997559,
              44.44009219653099
            ],
            [
              -68.30944776535034,
              44.44246681204587
            ],
            [
              -68.31560611724854,
              44.44398345144631
            ],
            [
              -68.3185887336731,
              44.4448872885262
            ],
            [
              -68.323974609375,
              44.43990835130451
            ],
            [
              -68.33157062530518,
              44.43528138929834
            ],
            [
              -68.33195686340332,
              44.42967338796857
            ],
            [
              -68.3375358581543,
              44.426179606912726
            ],
            [
              -68.33757877349854,
              44.42332926243303
            ],
            [
              -68.33968162536621,
              44.42170481039786
            ],
            [
              -68.34933757781982,
              44.42179676171823
            ],
            [
              -68.34903717041016,
              44.428018465079006
            ],
            [
              -68.3633279800415,
              44.42516821026358
            ],
            [
              -68.36721181869507,
              44.430485508913804
            ],
            [
              -68.36628913879395,
              44.43384113430226
            ],
            [
              -68.33470344543457,
              44.45222470244249
            ],
            [
              -68.31822395324707,
              44.46104676035872
            ],
            [
              -68.30174446105957,
              44.4502640641246
            ],
            [
              -68.27427864074707,
              44.45222470244249
            ],
            [
              -68.29075813293457,
              44.473787379849156
            ],
            [
              -68.26603889465332,
              44.46888747068333
            ],
            [
              -68.26329231262207,
              44.48260617967845
            ],
            [
              -68.28938484191895,
              44.5080752254021
            ],
            [
              -68.27702522277832,
              44.52080557683016
            ],
            [
              -68.25230598449707,
              44.49534209301096
            ],
            [
              -68.24681282043457,
              44.47868687763875
            ],
            [
              -68.22484016418457,
              44.46006659752074
            ],
            [
              -68.22346687316895,
              44.48456573196746
            ],
            [
              -68.21385383605957,
              44.50709585241183
            ],
            [
              -68.20836067199707,
              44.51395111777986
            ],
            [
              -68.18638801574707,
              44.48260617967845
            ],
            [
              -68.1712818145752,
              44.46594732772381
            ],
            [
              -68.1602954864502,
              44.4816263788512
            ],
            [
              -68.15892219543457,
              44.49730121746424
            ],
            [
              -68.09712409973145,
              44.47280743092606
            ],
            [
              -68.10811042785645,
              44.46496724716061
            ],
            [
              -68.11360359191895,
              44.44242085266148
            ],
            [
              -68.1218433380127,
              44.419865753620584
            ],
            [
              -68.10948371887207,
              44.408094420416184
            ],
            [
              -68.0888843536377,
              44.36982122379094
            ],
            [
              -68.0614185333252,
              44.33938108683658
            ],
            [
              -68.0174732208252,
              44.35607602315166
            ],
            [
              -68.01060676574707,
              44.38454464576327
            ],
            [
              -68.02021980285645,
              44.40711336902922
            ],
            [
              -67.99962043762207,
              44.41005647382726
            ],
            [
              -67.98863410949707,
              44.38650748897531
            ],
            [
              -67.9625415802002,
              44.394358203660246
            ],
            [
              -67.9625415802002,
              44.41594223915616
            ],
            [
              -67.99412727355957,
              44.44634259003104
            ],
            [
              -68.0284595489502,
              44.46594732772381
            ],
            [
              -68.0174732208252,
              44.47476731231719
            ],
            [
              -67.99824714660645,
              44.463007036669524
            ],
            [
              -67.9845142364502,
              44.46398715014248
            ],
            [
              -67.97764778137207,
              44.4933829027365
            ],
            [
              -67.97078132629395,
              44.50513705706512
            ],
            [
              -67.9680347442627,
              44.47574722833007
            ],
            [
              -67.96391487121582,
              44.44340131168596
            ],
            [
              -67.94468879699707,
              44.41398038319725
            ],
            [
              -67.9240894317627,
              44.41790402929717
            ],
            [
              -67.92683601379395,
              44.44732298323665
            ],
            [
              -67.92683601379395,
              44.46986748542657
            ],
            [
              -67.90486335754395,
              44.45908641822803
            ],
            [
              -67.91722297668457,
              44.42869269857915
            ],
            [
              -67.89799690246582,
              44.400245548600026
            ],
            [
              -67.87877082824707,
              44.42673127043659
            ],
            [
              -67.88151741027832,
              44.45418527494121
            ],
            [
              -67.88289070129395,
              44.47966672783122
            ],
            [
              -67.86641120910645,
              44.47084748371479
            ],
            [
              -67.8471851348877,
              44.492403282916335
            ],
            [
              -67.85954475402832,
              44.522763845602285
            ],
            [
              -67.88426399230957,
              44.54038530254293
            ],
            [
              -67.85542488098145,
              44.528638256984735
            ],
            [
              -67.84855842590332,
              44.54332169367959
            ],
            [
              -67.8471851348877,
              44.5668074910941
            ],
            [
              -67.8416919708252,
              44.5775686471466
            ],
            [
              -67.82109260559082,
              44.58245942347495
            ],
            [
              -67.8087329864502,
              44.5619153982863
            ],
            [
              -67.80461311340332,
              44.58441561881378
            ],
            [
              -67.7867603302002,
              44.602996191532455
            ],
            [
              -67.7812671661377,
              44.55310859451089
            ],
            [
              -67.7428150177002,
              44.5902838098838
            ],
            [
              -67.71122932434082,
              44.62352570238488
            ],
            [
              -67.73869514465332,
              44.5795250070461
            ],
            [
              -67.75105476379395,
              44.539406472585945
            ],
            [
              -67.71946907043457,
              44.50905458193694
            ],
            [
              -67.6933765411377,
              44.52765922955992
            ],
            [
              -67.67415046691895,
              44.54919403164781
            ],
            [
              -67.66179084777832,
              44.54625793671466
            ],
            [
              -67.65767097473145,
              44.56876421302564
            ],
            [
              -67.62608528137207,
              44.53549098820099
            ],
            [
              -67.59861946105957,
              44.52472204855203
            ],
            [
              -67.56428718566895,
              44.53549098820099
            ],
            [
              -67.55330085754395,
              44.588327812018335
            ],
            [
              -67.55742073059082,
              44.61277305417924
            ],
            [
              -67.61372566223145,
              44.64013951480162
            ],
            [
              -67.7043628692627,
              44.66651638285961
            ],
            [
              -67.78538703918457,
              44.710451169687644
            ],
            [
              -67.9021167755127,
              44.70654720476793
            ],
            [
              -67.9515552520752,
              44.763128924318266
            ],
            [
              -68.01335334777832,
              44.82647368415121
            ],
            [
              -68.11223030090332,
              44.844003016222366
            ],
            [
              -68.26741218566895,
              44.8673671643589
            ],
            [
              -68.36766242980957,
              44.862500415234365
            ],
            [
              -68.46379280090332,
              44.84302930433008
            ],
            [
              -68.60661506652832,
              44.84010806990725
            ],
            [
              -68.7480640411377,
              44.882937996670336
            ]